ACSF1 H-Time: 0.94 Ours: 0.82 Fundaments: [0.754, 0.74, 0.78, 0.732, 0.7280000000000001, 0.7120000000000001, 0.744, 0.742]
sAdiac H-Time: 0.843989769820972 Ours: 0.8235294117647058 Fundaments: [0.7544757033248082, 0.7575447570332481, 0.7861892583120205, 0.791304347826087, 0.728388746803069, 0.7355498721227622, 0.7872122762148337, 0.7790281329923274]
sArrowHead H-Time: 0.891428571428571 Ours: 0.8285714285714286 Fundaments: [0.6845714285714287, 0.76, 0.752, 0.7588571428571429, 0.6582857142857141, 0.632, 0.7828571428571428, 0.7714285714285716]
sBirdChicken H-Time: 0.95 Ours: 0.9 Fundaments: [0.9200000000000002, 0.9400000000000001, 0.9099999999999999, 0.9099999999999999, 0.9099999999999999, 0.9199999999999999, 0.9099999999999999, 0.89]
sCar H-Time: 0.9 Ours: 0.85 Fundaments: [0.8133333333333332, 0.8066666666666666, 0.8400000000000001, 0.8266666666666668, 0.8, 0.7933333333333333, 0.8633333333333333, 0.8333333333333334]
sCBF H-Time: 0.997777777777778 Ours: 0.9966666666666667 Fundaments: [0.9926666666666666, 0.9951111111111111, 0.9937777777777776, 0.9931111111111111, 0.9942222222222223, 0.9946666666666667, 0.9926666666666668, 0.9926666666666668]
sChinatown H-Time: 0.979591836734694 Ours: 0.9766763848396501 Fundaments: [0.9661807580174928, 0.9300291545189504, 0.9667638483965014, 0.963265306122449, 0.9737609329446062, 0.9317784256559767, 0.9725947521865891, 0.9626822157434403]
sChlorineConcentration H-Time: 0.882552083333333 Ours: 0.7114583333333333 Fundaments: [0.6075, 0.6073437499999998, 0.67125, 0.6696875, 0.6273437500000001, 0.62515625, 0.7047395833333333, 0.6972916666666666]
sComputers H-Time: 0.812 Ours: 0.796 Fundaments: [0.7584, 0.7592000000000001, 0.7671999999999999, 0.7591999999999999, 0.764, 0.7584, 0.7848, 0.7744000000000002]
sCricketX H-Time: 0.853846153846154 Ours: 0.7256410256410256 Fundaments: [0.645128205128205, 0.6441025641025641, 0.662051282051282, 0.662051282051282, 0.6194871794871795, 0.638974358974359, 0.6635897435897438, 0.6661538461538463]
sCricketY H-Time: 0.851282051282051 Ours: 0.6897435897435897 Fundaments: [0.602051282051282, 0.6215384615384616, 0.68, 0.6569230769230768, 0.6251282051282051, 0.6230769230769231, 0.6876923076923077, 0.677948717948718]
sCricketZ H-Time: 0.853846153846154 Ours: 0.7128205128205128 Fundaments: [0.6117948717948718, 0.6261538461538462, 0.6661538461538461, 0.6676923076923076, 0.6271794871794871, 0.6148717948717949, 0.6728205128205128, 0.6682051282051281]
sCrop H-Time: 0.772142857142857 Ours: 0.7510119047619047 Fundaments: [0.6920952380952381, nan, 0.7088333333333334, 0.701654761904762, 0.694595238095238, 0.6894761904761906, 0.7197142857142858, 0.7172619047619048]
sDiatomSizeReduction H-Time: 0.947712418300653 Ours: 0.9444444444444444 Fundaments: [0.9267973856209151, 0.9241830065359478, 0.9228758169934641, 0.9183006535947713, 0.9163398692810457, 0.9176470588235294, 0.9098039215686274, 0.9235294117647059]
sDistalPhalanxOutlineCorrect H-Time: 0.797101449275362 Ours: 0.7681159420289855 Fundaments: [0.7507246376811595, 0.7521739130434784, 0.7746376811594202, 0.7695652173913043, 0.7608695652173914, 0.7514492753623189, 0.777536231884058, 0.763768115942029]
sDistalPhalanxTW H-Time: 0.654676258992806 Ours: 0.6546762589928058 Fundaments: [0.6546762589928058, 0.6546762589928058, 0.6474820143884892, 0.6575539568345323, 0.6201438848920864, 0.6388489208633094, 0.6733812949640289, 0.6633093525179856]
sECG200 H-Time: 0.9 Ours: 0.86 Fundaments: [0.8239999999999998, 0.8160000000000001, 0.8460000000000001, 0.756, 0.8140000000000001, 0.826, 0.8699999999999999, 0.8220000000000001]
sECGFiveDays H-Time: 1 Ours: 0.8432055749128919 Fundaments: [0.6524970963995355, 0.6499419279907086, 0.7626016260162601, 0.7307781649245063, 0.6662020905923345, 0.627177700348432, 0.6905923344947735, 0.7714285714285716]
sEOGHorizontalSignal H-Time: 0.621546961325967 Ours: 0.5662983425414365 Fundaments: [0.49779005524861886, 0.4607734806629834, 0.4790055248618785, 0.48287292817679556, 0.48950276243093926, 0.4845303867403315, 0.519889502762431, 0.5116022099447515]
sEthanolLevel H-Time: 0.788 Ours: 0.478 Fundaments: [0.4584, 0.4344, 0.4484, 0.47119999999999995, 0.45760000000000006, 0.46080000000000004, 0.4596, 0.4584]
sFaceAll H-Time: 0.818343195266272 Ours: 0.7905325443786982 Fundaments: [0.7511242603550295, 0.7582248520710059, 0.8027218934911243, 0.805680473372781, 0.7604733727810651, 0.7551479289940828, 0.8040236686390532, 0.8033136094674556]
sFaceFour H-Time: 0.954545454545455 Ours: 0.9090909090909091 Fundaments: [0.8613636363636363, 0.859090909090909, 0.815909090909091, 0.8795454545454545, 0.856818181818182, 0.8568181818181818, 0.8772727272727272, 0.890909090909091]
sFacesUCR H-Time: 0.96780487804878 Ours: 0.715609756097561 Fundaments: [0.6351219512195122, 0.6437073170731707, 0.6333658536585366, 0.655219512195122, 0.6530731707317073, 0.651609756097561, 0.6435121951219512, 0.6637073170731708]
sFiftyWords H-Time: 0.848351648351648 Ours: 0.6241758241758242 Fundaments: [0.5230769230769231, 0.5279120879120879, 0.5472527472527473, 0.5599999999999999, 0.5437362637362637, 0.5318681318681319, 0.5846153846153846, 0.5850549450549452]
sFish H-Time: 0.982857142857143 Ours: 0.9257142857142857 Fundaments: [0.8845714285714287, 0.8868571428571428, 0.8628571428571428, 0.8811428571428571, 0.9005714285714286, 0.9085714285714286, 0.8960000000000001, 0.8902857142857142]
sFordB H-Time: 0.853086419753086 Ours: 0.808641975308642 Fundaments: [0.7758024691358024, 0.7748148148148148, 0.7943209876543209, 0.7960493827160494, 0.7804938271604939, 0.782716049382716, 0.7982716049382715, 0.8014814814814815]
sFreezerRegularTrain H-Time: 0.99719298245614 Ours: 0.9926315789473684 Fundaments: [0.98659649122807, 0.9839298245614035, 0.9879999999999999, 0.9885614035087718, 0.984421052631579, 0.9849122807017544, 0.9883508771929824, 0.9884210526315791]
sFreezerSmallTrain H-Time: 0.822456140350877 Ours: 0.8192982456140351 Fundaments: [0.7364210526315789, 0.7182456140350878, 0.8199298245614036, 0.7317894736842104, 0.7364912280701754, 0.7420350877192983, 0.8160701754385965, 0.7196491228070176]
sGunPoint H-Time: 1 Ours: 0.9666666666666667 Fundaments: [0.9039999999999999, 0.9279999999999999, 0.9213333333333333, 0.9533333333333334, 0.9066666666666666, 0.9279999999999999, 0.9213333333333333, 0.9559999999999998]
sGunPointAgeSpan H-Time: 0.996835443037975 Ours: 0.9968354430379747 Fundaments: [0.9886075949367088, 0.9854430379746836, 0.9886075949367088, 0.9930379746835442, 0.9860759493670888, 0.978481012658228, 0.9898734177215189, 0.9835443037974683]
sHandOutlines H-Time: 0.954054054054054 Ours: 0.9 Fundaments: [0.8800000000000001, 0.8864864864864865, 0.8902702702702703, 0.8951351351351351, 0.8875675675675676, 0.8945945945945948, 0.8908108108108108, 0.894054054054054]
sHaptics H-Time: 0.568181818181818 Ours: 0.4772727272727273 Fundaments: [0.42727272727272736, 0.4344155844155845, 0.4279220779220779, 0.42857142857142855, 0.42272727272727273, 0.42987012987012985, 0.4305194805194805, 0.39285714285714285]
sHerring H-Time: 0.71875 Ours: 0.640625 Fundaments: [0.625, 0.621875, 0.6, 0.628125, 0.6, 0.559375, 0.56875, 0.60625]
sHouseTwenty H-Time: 0.974789915966386 Ours: 0.9663865546218487 Fundaments: [0.9663865546218486, 0.9647058823529411, 0.9596638655462184, 0.9596638655462184, 0.9579831932773109, 0.9563025210084033, 0.9546218487394957, 0.9478991596638655]
sInlineSkate H-Time: 0.525454545454546 Ours: 0.4672727272727273 Fundaments: [0.4083636363636364, 0.3698181818181818, 0.4421818181818182, 0.44363636363636366, 0.3690909090909091, 0.40945454545454546, 0.45672727272727276, 0.44290909090909086]
sItalyPowerDemand H-Time: 0.968901846452867 Ours: 0.9514091350826045 Fundaments: [0.9391642371234209, 0.9348882410106899, 0.9420796890184645, 0.9407191448007775, 0.9475218658892128, 0.9446064139941692, 0.9403304178814385, 0.9422740524781341]
sLargeKitchenAppliances H-Time: 0.896 Ours: 0.8266666666666667 Fundaments: [0.7978666666666666, 0.7856, 0.7962666666666666, 0.7946666666666667, 0.7647999999999999, 0.7658666666666667, 0.8058666666666667, 0.8032]
sLightning2 H-Time: 0.80327868852459 Ours: 0.7213114754098361 Fundaments: [0.6426229508196721, 0.6, 0.6327868852459015, 0.6655737704918032, 0.6, 0.5934426229508196, 0.6950819672131147, 0.6262295081967213]
sLightning7 H-Time: 0.849315068493151 Ours: 0.7123287671232876 Fundaments: [0.684931506849315, 0.6986301369863014, 0.7068493150684932, 0.6575342465753424, 0.684931506849315, 0.6630136986301369, 0.6876712328767123, 0.7013698630136986]
sMallat H-Time: 0.964179104477612 Ours: 0.9398720682302771 Fundaments: [0.9318550106609809, 0.7327931769722814, 0.9093390191897655, 0.9218763326226013, 0.9107889125799573, 0.9002132196162048, 0.9171855010660981, 0.9269936034115138]
sMeat H-Time: 0.95 Ours: 0.9333333333333333 Fundaments: [0.9133333333333333, 0.8633333333333333, 0.9533333333333334, 0.9366666666666668, 0.8799999999999999, 0.8799999999999999, 0.9299999999999999, 0.9266666666666665]
sMedicalImages H-Time: 0.801315789473684 Ours: 0.7789473684210526 Fundaments: [0.7247368421052631, 0.7257894736842105, 0.7544736842105263, 0.7555263157894737, 0.723421052631579, 0.7302631578947368, 0.7697368421052632, 0.7644736842105263]
sMiddlePhalanxOutlineCorrect H-Time: 0.838487972508591 Ours: 0.7731958762886598 Fundaments: [0.7278350515463918, 0.7353951890034365, 0.8013745704467354, 0.7828178694158077, 0.7278350515463918, 0.7264604810996563, 0.7931271477663231, 0.7924398625429554]
sMixedShapesRegularTrain H-Time: 0.976494845360825 Ours: 0.928659793814433 Fundaments: [0.9082886597938143, 0.9012783505154639, 0.9171134020618557, 0.9185154639175257, 0.9059793814432989, 0.8971546391752577, 0.9134020618556702, 0.9167835051546392]
sMixedShapesSmallTrain H-Time: 0.921649484536082 Ours: 0.8907216494845361 Fundaments: [0.8414020618556701, 0.8438762886597939, 0.8235051546391754, 0.8442886597938145, 0.8377731958762886, 0.8449484536082474, 0.8548453608247423, 0.8531958762886598]
sNonInvasiveFetalECGThorax1 H-Time: 0.960814249363868 Ours: 0.9043256997455471 Fundaments: [0.827379134860051, 0.8296183206106871, 0.8502798982188293, 0.8493638676844784, 0.8403053435114503, 0.8425445292620865, 0.8652417302798983, 0.8686005089058524]
sNonInvasiveFetalECGThorax2 H-Time: 0.966921119592875 Ours: 0.8905852417302799 Fundaments: [0.8090585241730279, 0.8123155216284987, 0.8409160305343513, 0.8436641221374046, 0.8238167938931298, 0.8215776081424936, 0.8573027989821883, 0.8573027989821883]
sOSULeaf H-Time: 0.950413223140496 Ours: 0.9421487603305785 Fundaments: [0.8991735537190083, 0.8793388429752067, 0.8925619834710744, 0.8991735537190083, 0.9107438016528926, 0.9157024793388431, 0.9082644628099175, 0.9264462809917354]
sPhalangesOutlinesCorrect H-Time: 0.842657342657343 Ours: 0.7948717948717948 Fundaments: [0.7578088578088578, 0.7596736596736596, 0.8067599067599067, 0.7892773892773892, 0.7662004662004661, 0.7655011655011655, 0.7927738927738928, 0.7909090909090908]
sPigAirwayPressure H-Time: 0.567307692307692 Ours: 0.1778846153846154 Fundaments: [0.16153846153846155, 0.1528846153846154, 0.14903846153846154, 0.15384615384615385, 0.18365384615384614, 0.18653846153846154, 0.16442307692307692, 0.18269230769230765]
sPigArtPressure H-Time: 0.995192307692308 Ours: 0.5625 Fundaments: [0.46730769230769226, 0.4634615384615385, 0.5365384615384615, 0.501923076923077, 0.4875, 0.46442307692307694, 0.5153846153846153, 0.510576923076923]
sPigCVP H-Time: 0.966346153846154 Ours: 0.38461538461538464 Fundaments: [0.2596153846153846, 0.2048076923076923, 0.31538461538461543, 0.2971153846153846, 0.35288461538461535, 0.22115384615384612, 0.33942307692307694, 0.3317307692307693]
sProximalPhalanxOutlineCorrect H-Time: 0.924398625429553 Ours: 0.8694158075601375 Fundaments: [0.8343642611683848, 0.8274914089347079, 0.8508591065292096, 0.8460481099656357, 0.8343642611683848, 0.8460481099656356, 0.8673539518900345, 0.8701030927835053]
sRock H-Time: 0.84 Ours: 0.78 Fundaments: [0.592, 0.6279999999999999, 0.6599999999999999, 0.6160000000000001, 0.5800000000000001, 0.548, 0.516, 0.52]
sShapeletSim H-Time: 1 Ours: 0.9777777777777777 Fundaments: [0.9766666666666666, 0.9799999999999999, 0.9722222222222221, 0.9799999999999999, 0.9800000000000001, 0.9788888888888888, 0.9777777777777779, 0.9811111111111112]
sShapesAll H-Time: 0.928333333333333 Ours: 0.8766666666666667 Fundaments: [0.805, 0.805, 0.8236666666666667, 0.8246666666666667, 0.8089999999999999, 0.8046666666666666, 0.844, 0.8463333333333333]
sSonyAIBORobotSurface2 H-Time: 0.947534102833158 Ours: 0.938090241343127 Fundaments: [0.8749213011542498, 0.9112277019937043, 0.9036726128016788, 0.9263378803777546, 0.9124868835257083, 0.9068205666316895, 0.9301154249737671, 0.9057712486883526]
sStarLightCurves H-Time: 0.975594949004371 Ours: 0.9681884409907722 Fundaments: [0.9556580864497329, 0.955148130160272, 0.9592034968431278, 0.9593491986401166, 0.953861097620204, 0.9604905293831958, 0.9628946090335114, 0.9622389509470617]
sStrawberry H-Time: 0.983783783783784 Ours: 0.9675675675675676 Fundaments: [0.9513513513513512, 0.9556756756756757, 0.9654054054054054, 0.9535135135135135, 0.9481081081081081, 0.952972972972973, 0.9691891891891892, 0.9643243243243245]
sSwedishLeaf H-Time: 0.9728 Ours: 0.9488 Fundaments: [0.9270400000000001, 0.92512, 0.94176, 0.9423999999999999, 0.93984, 0.9459199999999999, 0.9456, 0.95296]
sSymbols H-Time: 0.979899497487437 Ours: 0.963819095477387 Fundaments: [0.8080402010050252, 0.7505527638190955, 0.9202010050251255, 0.8613065326633166, 0.8518592964824119, 0.7461306532663315, 0.9191959798994975, 0.8960804020100502]
sSyntheticControl H-Time: 0.996666666666667 Ours: 0.9966666666666667 Fundaments: [0.9946666666666667, 0.9933333333333334, 0.9880000000000001, 0.986, 0.9953333333333333, 0.9946666666666667, 0.9893333333333333, 0.9886666666666667]
sToeSegmentation1 H-Time: 0.960526315789473 Ours: 0.8640350877192983 Fundaments: [0.7114035087719298, 0.7526315789473684, 0.6956140350877194, 0.7552631578947369, 0.7105263157894737, 0.7350877192982456, 0.7394736842105263, 0.7649122807017543]
sToeSegmentation2 H-Time: 0.930769230769231 Ours: 0.8692307692307693 Fundaments: [0.8061538461538461, 0.8415384615384616, 0.7938461538461539, 0.8400000000000001, 0.8569230769230769, 0.8446153846153847, 0.8215384615384614, 0.8692307692307691]
sTwoLeadECG H-Time: 0.997366110623354 Ours: 0.9622475856014048 Fundaments: [0.9571553994732221, 0.9615452151009658, 0.9021949078138718, 0.9206321334503951, 0.9459174714661984, 0.8007023705004389, 0.9014925373134328, 0.9306409130816506]
sTwoPatterns H-Time: 1 Ours: 0.989 Fundaments: [0.9692999999999999, 0.96405, 0.9802000000000002, 0.9786999999999999, 0.9728999999999999, 0.9729000000000001, 0.9861000000000001, 0.9835499999999999]
sUMD H-Time: 0.993055555555556 Ours: 0.9930555555555556 Fundaments: [0.9902777777777778, 0.986111111111111, 0.9819444444444445, 0.986111111111111, 0.9875, 0.9875, 0.976388888888889, 0.9444444444444444]
sUWaveGestureLibraryAll H-Time: 0.947794528196538 Ours: 0.9310441094360692 Fundaments: [0.8876605248464544, 0.887716359575656, 0.9015075376884424, 0.9049692908989391, 0.8935790061418203, 0.8939698492462311, 0.9072026800670017, 0.911892797319933]
sUWaveGestureLibraryX H-Time: 0.830820770519263 Ours: 0.8115577889447236 Fundaments: [0.749748743718593, 0.7546621998883306, 0.7796761585706309, 0.7787269681742044, 0.7605806811836963, 0.7526521496370743, 0.7895589056393076, 0.7926856504745953]
sUWaveGestureLibraryY H-Time: 0.782802903405919 Ours: 0.6359575656058069 Fundaments: [0.5591848129536572, 0.5438860971524287, 0.5725851479620324, 0.5726968174204355, 0.5729201563372417, 0.560748185371301, 0.6048017867113344, 0.5972082635399218]
sUWaveGestureLibraryZ H-Time: 0.785315466219989 Ours: 0.7325516471245115 Fundaments: [0.678503629257398, 0.6742043551088777, 0.6990508096035735, 0.7020100502512563, 0.6903964265773311, 0.6854271356783919, 0.71535455053043, 0.7161362367392518]
sWordSynonyms H-Time: 0.758620689655172 Ours: 0.6003134796238244 Fundaments: [0.5197492163009404, 0.526332288401254, 0.5601880877742946, 0.5758620689655172, 0.5125391849529781, 0.5231974921630094, 0.5852664576802509, 0.5902821316614419]
sWorms H-Time: 0.831168831168831 Ours: 0.7922077922077922 Fundaments: [0.7376623376623377, 0.72987012987013, 0.7532467532467532, 0.7662337662337662, 0.7324675324675324, 0.7142857142857143, 0.8025974025974026, 0.7974025974025974]
sYoga H-Time: 0.928 Ours: 0.9223333333333333 Fundaments: [0.8992666666666667, 0.8993333333333334, 0.9228, 0.9202000000000001, 0.9022666666666668, 0.9019333333333334, 0.9153333333333332, 0.9127333333333334]
s